beta0 = 9.150943 
beta1 = 35.6761 
Residual std error = 2.595314 
